0.090820 -0.015137 -0.664122 0.000000
0.094482 -0.010742 -0.442748 0.000000
0.094971 -0.015625 -0.656489 0.000000
0.085449 -0.011963 -0.664122 0.008000
0.088135 -0.016602 -0.458015 0.016000
0.090576 -0.013184 -0.496183 0.024000
0.089600 -0.009766 -0.572519 0.032000
0.093018 -0.018311 -0.679389 0.040000
0.094238 -0.019043 -0.541985 0.064000
0.096680 -0.006836 -0.625954 0.088000
0.086182 -0.017822 -0.412214 0.112000
-0.187744 0.028076 5.870229 0.136000
0.064941 0.113770 -21.480917 0.160000
0.027100 0.050781 -22.053434 0.184000
0.166504 -0.029541 -19.885496 0.208000
0.070068 -0.023682 -33.015266 0.232000
0.187988 -0.009521 -6.389313 0.256000
0.083252 -0.000488 -12.961832 0.280000
0.101562 -0.001709 -21.381680 0.304000
0.115479 -0.024902 -38.061069 0.328000
0.119629 -0.039551 -44.862595 0.352000
0.044922 0.005127 -38.946564 0.376000
0.071045 0.010254 -64.229004 0.400000
0.050781 0.002197 -68.503815 0.424000
0.108643 -0.017578 -36.992367 0.448000
0.077148 0.010010 -47.152672 0.472000
0.031250 0.009277 -22.480917 0.496000
0.000000 -0.051514 -33.152672 0.520000
0.040039 0.048096 -39.694656 0.544000
-0.028809 0.035156 4.297710 0.568000
0.077881 0.102539 2.404580 0.592000
0.205566 0.006836 21.648855 0.616000
0.015137 0.018799 27.702290 0.640000
0.096680 -0.026855 23.274809 0.664000
0.152588 0.010498 7.725191 0.688000
0.135010 0.000732 4.541985 0.712000
0.018066 0.020020 57.488548 0.736000
0.191406 -0.034180 52.541985 0.760000
0.012695 0.049072 33.740459 0.784000
-0.017090 -0.153320 21.770992 0.808000
-0.030762 0.167969 98.564888 0.832000
0.187500 0.053467 43.809162 0.856000
0.062500 -0.143555 -6.908397 0.880000
0.221680 0.002930 69.076332 0.904000
0.167236 -0.046143 44.511452 0.928000
-0.019775 -0.101074 54.496181 0.952000
0.188232 -0.019531 74.977097 0.976000
0.087158 -0.072021 82.435112 1.000000
0.052979 -0.016113 98.595421 1.024000
-0.134033 0.079590 23.847328 1.048000
-0.116211 -0.036621 55.114502 1.072000
-0.329590 -0.017334 23.923664 1.096000
-0.108887 0.102051 99.748093 1.120000
0.101074 -0.144043 104.412216 1.144000
0.326904 -0.143066 73.809158 1.168000
0.029541 -0.080078 -10.908397 1.192000
0.146240 0.103760 -95.595421 1.216000
0.351318 0.122803 -97.076332 1.240000
0.251221 -0.137939 -181.992371 1.264000
0.107178 -0.062012 -96.335876 1.288000
-0.015625 -0.064697 -48.954197 1.312000
0.041748 -0.024170 -46.267174 1.336000
0.313477 0.082031 -68.923668 1.360000
0.393311 0.251221 -85.770996 1.384000
0.122070 0.015137 -122.435112 1.408000
-0.102783 -0.104248 -54.145039 1.432001
-0.008545 -0.073242 -50.022900 1.456001
-0.201660 0.037842 -29.396946 1.480001
0.099365 0.043945 -40.328243 1.504001
0.211914 0.104004 -33.618320 1.528001
0.169678 0.106201 -38.167938 1.552001
0.350342 -0.058105 -54.320610 1.576001
0.264160 0.185303 -66.938934 1.600001
0.205566 -0.033936 -70.938934 1.624001
0.083740 -0.168945 -51.267174 1.648001
-0.035889 -0.183838 -53.351147 1.672001
0.335938 0.027832 -51.122139 1.696001
0.088379 -0.085205 -45.496181 1.720001
0.063721 -0.162842 -32.198475 1.744001
0.055420 -0.023682 -14.824428 1.768001
-0.234619 -0.267334 -19.259542 1.792001
0.020020 -0.059814 13.755725 1.816001
0.085693 -0.022461 41.259541 1.840001
0.085205 0.048828 38.358780 1.864001
0.076904 -0.049072 59.412212 1.888001
0.004150 -0.126465 135.496185 1.912001
0.121094 0.020996 169.610687 1.936002
0.064941 0.048096 144.854965 1.960002
0.118164 -0.029541 116.603050 1.984002
0.197754 -0.020264 69.610687 2.008002
0.137695 -0.002197 22.671755 2.032001
0.112549 0.001221 0.511450 2.056001
0.141113 0.002441 3.633588 2.080001
0.102783 -0.004150 -0.358779 2.080001
0.109375 -0.009521 1.900763 2.080001
0.102539 -0.008301 6.160306 2.080001
0.104980 -0.005371 -0.145038 2.080001
0.110840 -0.013184 -0.549618 2.080001
0.105225 -0.007812 0.114504 2.080001
